   			 precision    recall  f1-score   support

           0       0.00      0.00      0.00         6
           1       0.00      0.00      0.00         3
           2       0.00      0.00      0.00         4
           3       0.00      0.00      0.00         3
           5       0.00      0.00      0.00         1
           6       0.00      0.00      0.00         1
           7       0.00      0.00      0.00         3
           8       0.00      0.00      0.00         3
           9       0.00      0.00      0.00         2
          10       0.00      0.00      0.00         5
          11       0.00      0.00      0.00         0
          12       0.00      0.00      0.00         1
          13       0.00      0.00      0.00         4
          14       0.00      0.00      0.00         3
          15       0.00      0.00      0.00         2
          16       0.00      0.00      0.00         2
          17       0.00      0.00      0.00         2
          18       0.00      0.00      0.00         4
          20       0.14      1.00      0.25         1
          21       0.00      0.00      0.00         2
          22       0.00      0.00      0.00         2
          23       0.00      0.00      0.00         1
          24       0.00      0.00      0.00         2
          25       0.00      0.00      0.00         3
          26       0.00      0.00      0.00         3
          27       0.00      0.00      0.00         0
          28       0.00      0.00      0.00         5
          29       0.00      0.00      0.00         2
          30       0.00      0.00      0.00         2
          31       0.05      1.00      0.09         1
          32       0.00      0.00      0.00         1
          33       0.00      0.00      0.00         3
          34       0.00      0.00      0.00         3
          35       0.00      0.00      0.00         1
          36       0.00      0.00      0.00         3
          37       0.00      0.00      0.00         4
          38       0.00      0.00      0.00         2
          39       0.00      0.00      0.00         3
          40       0.00      0.00      0.00         3
          41       0.00      0.00      0.00         2
          42       0.00      0.00      0.00         7
          43       0.00      0.00      0.00         3
          44       0.00      0.00      0.00         5
          45       0.00      0.00      0.00         3
          46       0.00      0.00      0.00         3
          47       0.00      0.00      0.00         5
          48       0.00      0.00      0.00         3
          49       0.00      0.00      0.00         3
          50       0.00      0.00      0.00         3
          51       0.00      0.00      0.00         3
          52       0.00      0.00      0.00         3
          53       0.00      0.00      0.00         6
          54       0.00      0.00      0.00         2
          55       0.00      0.00      0.00         4
          56       0.00      0.00      0.00         1
          57       0.00      0.00      0.00         3
          58       0.00      0.00      0.00         1
          59       0.00      0.00      0.00         1
          60       0.00      0.00      0.00         7
          61       0.00      0.00      0.00         5
          62       0.03      1.00      0.07         1
          63       0.00      0.00      0.00         2
          64       0.00      0.00      0.00         4
          65       0.00      0.00      0.00         2
          66       0.00      0.00      0.00         3
          67       0.00      0.00      0.00         2
          68       0.00      0.00      0.00         4
          69       0.00      0.00      0.00         1
          70       0.00      0.00      0.00         4
          71       0.00      0.00      0.00         3
          72       0.00      0.00      0.00         3
          73       0.00      0.00      0.00         1
          74       0.00      0.00      0.00         2
          75       0.00      0.00      0.00         4
          76       0.00      0.00      0.00         1
          77       0.00      0.00      0.00         3
          78       0.00      0.00      0.00         3
          79       0.00      0.00      0.00         6
          80       0.00      0.00      0.00         4
          81       0.00      0.00      0.00         3
          82       0.00      0.00      0.00         2
          83       0.00      0.00      0.00         3
          84       0.00      0.00      0.00         4
          85       0.00      0.00      0.00         5
          86       0.00      0.00      0.00         4
          87       0.00      0.00      0.00         3
          88       0.00      0.00      0.00         3
          89       0.00      0.00      0.00         2
          90       0.00      0.00      0.00         4
          91       0.00      0.00      0.00         4
          92       0.00      0.00      0.00         7
          93       0.00      0.00      0.00         5
          94       0.00      0.00      0.00         5
          95       0.00      0.00      0.00         5
          96       0.00      0.00      0.00         6
          97       0.00      0.00      0.00         5
          98       0.00      0.00      0.00         5

    accuracy                           0.01       297
   macro avg       0.00      0.03      0.00       297
weighted avg       0.00      0.01      0.00       297
