              precision    recall  f1-score   support

           0       1.00      1.00      1.00         4
           1       1.00      1.00      1.00         1
           2       1.00      1.00      1.00         3
           3       1.00      1.00      1.00         6
           4       1.00      1.00      1.00         2
           5       1.00      1.00      1.00         3
           6       1.00      1.00      1.00         2
           7       1.00      1.00      1.00         6
           8       0.25      1.00      0.40         1
           9       1.00      1.00      1.00         2
          10       1.00      0.75      0.86         4
          11       1.00      1.00      1.00         4
          12       0.67      1.00      0.80         2
          13       1.00      1.00      1.00         2
          14       1.00      1.00      1.00         4
          15       1.00      1.00      1.00         1
          17       1.00      0.67      0.80         3
          18       0.00      0.00      0.00         3
          19       1.00      1.00      1.00         5
          20       0.67      0.67      0.67         3
          21       1.00      1.00      1.00         1
          22       0.25      0.67      0.36         3
          23       1.00      0.50      0.67         4
          24       0.50      1.00      0.67         1
          25       1.00      1.00      1.00         3
          26       1.00      0.50      0.67         2
          27       0.67      0.40      0.50         5
          28       0.50      1.00      0.67         1
          29       0.20      0.33      0.25         3
          30       0.00      0.00      0.00         3
          31       0.50      1.00      0.67         2
          32       0.50      0.67      0.57         3
          33       1.00      0.80      0.89         5
          34       1.00      0.40      0.57         5
          35       1.00      0.67      0.80         3
          36       0.00      0.00      0.00         0
          37       0.33      1.00      0.50         1
          38       0.00      0.00      0.00         3
          39       0.40      0.67      0.50         3
          40       0.00      0.00      0.00         1
          41       0.67      1.00      0.80         4
          42       1.00      1.00      1.00         3
          43       0.67      1.00      0.80         2
          44       0.00      0.00      0.00         0
          45       1.00      1.00      1.00         3
          46       1.00      1.00      1.00         1
          47       1.00      1.00      1.00         3
          48       1.00      0.43      0.60         7
          49       1.00      1.00      1.00         3
          50       1.00      0.75      0.86         4
          51       1.00      1.00      1.00         1
          52       1.00      0.67      0.80         3
          53       0.40      0.67      0.50         3
          54       0.33      1.00      0.50         1
          55       0.17      1.00      0.29         1
          56       0.57      1.00      0.73         4
          57       0.33      0.50      0.40         2
          58       1.00      0.67      0.80         3
          59       0.00      0.00      0.00         2
          60       0.00      0.00      0.00         1
          61       0.40      1.00      0.57         2
          62       1.00      1.00      1.00         3
          63       0.33      0.50      0.40         2
          64       0.80      0.80      0.80         5
          65       0.75      0.75      0.75         4
          66       1.00      0.50      0.67         2
          67       0.00      0.00      0.00         4
          68       1.00      0.80      0.89         5
          69       0.67      0.67      0.67         3
          70       0.75      0.60      0.67         5
          71       1.00      1.00      1.00         2
          72       1.00      0.17      0.29         6
          73       0.43      1.00      0.60         3
          74       1.00      1.00      1.00         1
          75       1.00      1.00      1.00         4
          76       1.00      1.00      1.00         2
          77       0.67      0.57      0.62         7
          78       1.00      1.00      1.00         3
          79       1.00      1.00      1.00         3
          80       0.80      1.00      0.89         4
          81       0.00      0.00      0.00         3
          82       0.50      0.67      0.57         3
          83       0.50      1.00      0.67         1
          84       0.00      0.00      0.00         0
          85       1.00      1.00      1.00         5
          86       0.00      0.00      0.00         4
          87       0.50      0.25      0.33         4
          88       0.33      1.00      0.50         2
          89       0.67      1.00      0.80         2
          90       0.50      0.50      0.50         6
          91       1.00      0.20      0.33         5
          92       1.00      1.00      1.00         3
          93       0.67      1.00      0.80         2
          94       0.75      1.00      0.86         3
          95       1.00      1.00      1.00         5
          96       0.33      0.33      0.33         3
          97       1.00      0.57      0.73         7
          98       1.00      1.00      1.00         5

    accuracy                           0.72       297
   macro avg       0.69      0.73      0.67       297
weighted avg       0.76      0.72      0.70       297
