              precision    recall  f1-score   support

           1       0.00      0.00      0.00         4
           2       0.11      1.00      0.20         5
           3       1.00      0.25      0.40         4
           5       0.00      0.00      0.00         2
           6       0.00      0.00      0.00         2
           7       0.00      0.00      0.00         3
           8       0.00      0.00      0.00         3
           9       0.00      0.00      0.00         4
          10       0.00      0.00      0.00         5
          11       0.00      0.00      0.00         1
          12       0.00      0.00      0.00         2
          13       0.00      0.00      0.00         4
          14       0.00      0.00      0.00         4
          15       0.00      0.00      0.00         2

    accuracy                           0.13        45
   macro avg       0.08      0.09      0.04        45
weighted avg       0.10      0.13      0.06        45
