              precision    recall  f1-score   support

           0       0.80      1.00      0.89         4
           1       1.00      1.00      1.00         1
           2       1.00      1.00      1.00         3
           3       1.00      0.83      0.91         6
           4       1.00      1.00      1.00         2
           5       1.00      1.00      1.00         3
           6       1.00      1.00      1.00         2
           7       1.00      1.00      1.00         6
           8       1.00      1.00      1.00         1
           9       1.00      1.00      1.00         2
          10       0.75      0.75      0.75         4
          11       0.75      0.75      0.75         4
          12       0.50      1.00      0.67         2
          13       1.00      1.00      1.00         2
          14       0.80      1.00      0.89         4
          15       1.00      1.00      1.00         1
          16       0.00      0.00      0.00         0
          17       1.00      1.00      1.00         3
          18       0.75      1.00      0.86         3
          19       1.00      1.00      1.00         5
          20       1.00      0.67      0.80         3
          21       1.00      1.00      1.00         1
          22       1.00      1.00      1.00         3
          23       0.67      0.50      0.57         4
          24       0.00      0.00      0.00         1
          25       1.00      0.67      0.80         3
          26       1.00      0.50      0.67         2
          27       0.80      0.80      0.80         5
          28       1.00      1.00      1.00         1
          29       0.50      0.67      0.57         3
          30       0.67      0.67      0.67         3
          31       1.00      0.50      0.67         2
          32       0.60      1.00      0.75         3
          33       1.00      0.80      0.89         5
          34       1.00      0.80      0.89         5
          35       1.00      1.00      1.00         3
          37       0.50      1.00      0.67         1
          38       1.00      0.67      0.80         3
          39       0.67      0.67      0.67         3
          40       0.00      0.00      0.00         1
          41       0.60      0.75      0.67         4
          42       1.00      1.00      1.00         3
          43       0.50      1.00      0.67         2
          45       1.00      1.00      1.00         3
          46       1.00      1.00      1.00         1
          47       1.00      1.00      1.00         3
          48       1.00      0.43      0.60         7
          49       1.00      1.00      1.00         3
          50       1.00      0.75      0.86         4
          51       0.50      1.00      0.67         1
          52       1.00      1.00      1.00         3
          53       0.75      1.00      0.86         3
          54       0.25      1.00      0.40         1
          55       0.00      0.00      0.00         1
          56       0.80      1.00      0.89         4
          57       0.00      0.00      0.00         2
          58       0.75      1.00      0.86         3
          59       1.00      1.00      1.00         2
          60       1.00      1.00      1.00         1
          61       1.00      1.00      1.00         2
          62       0.50      0.33      0.40         3
          63       1.00      0.50      0.67         2
          64       0.60      0.60      0.60         5
          65       0.43      0.75      0.55         4
          66       1.00      0.50      0.67         2
          67       0.67      0.50      0.57         4
          68       1.00      0.20      0.33         5
          69       1.00      0.67      0.80         3
          70       0.83      1.00      0.91         5
          71       1.00      1.00      1.00         2
          72       0.56      0.83      0.67         6
          73       0.67      0.67      0.67         3
          74       0.00      0.00      0.00         1
          75       1.00      1.00      1.00         4
          76       0.50      0.50      0.50         2
          77       0.50      0.14      0.22         7
          78       1.00      1.00      1.00         3
          79       1.00      0.67      0.80         3
          80       0.67      0.50      0.57         4
          81       0.50      0.67      0.57         3
          82       0.60      1.00      0.75         3
          83       0.33      1.00      0.50         1
          84       0.00      0.00      0.00         0
          85       1.00      1.00      1.00         5
          86       1.00      0.50      0.67         4
          87       0.25      0.25      0.25         4
          88       0.33      0.50      0.40         2
          89       1.00      1.00      1.00         2
          90       1.00      0.50      0.67         6
          91       1.00      0.60      0.75         5
          92       0.33      0.67      0.44         3
          93       0.67      1.00      0.80         2
          94       1.00      0.67      0.80         3
          95       0.80      0.80      0.80         5
          96       0.00      0.00      0.00         3
          97       0.00      0.00      0.00         7
          98       1.00      0.80      0.89         5

    accuracy                           0.73       297
   macro avg       0.75      0.74      0.72       297
weighted avg       0.79      0.73      0.73       297
