              precision    recall  f1-score   support

           1       0.50      1.00      0.67         4
           2       1.00      0.80      0.89         5
           3       1.00      1.00      1.00         4
           4       0.00      0.00      0.00         0
           5       0.25      0.50      0.33         2
           6       0.40      1.00      0.57         2
           7       1.00      1.00      1.00         3
           8       0.50      0.33      0.40         3
           9       0.00      0.00      0.00         4
          10       1.00      0.40      0.57         5
          11       1.00      1.00      1.00         1
          12       0.00      0.00      0.00         2
          13       0.60      0.75      0.67         4
          14       1.00      0.75      0.86         4
          15       0.50      0.50      0.50         2

    accuracy                           0.64        45
   macro avg       0.58      0.60      0.56        45
weighted avg       0.67      0.64      0.62        45