              precision    recall  f1-score   support

           1       0.50      0.25      0.33         4
           2       1.00      0.60      0.75         5
           3       0.80      1.00      0.89         4
           4       0.00      0.00      0.00         0
           5       0.00      0.00      0.00         2
           6       0.00      0.00      0.00         2
           7       0.00      0.00      0.00         3
           8       0.33      0.67      0.44         3
           9       0.33      0.25      0.29         4
          10       0.50      0.60      0.55         5
          11       0.00      0.00      0.00         1
          12       0.00      0.00      0.00         2
          13       0.20      0.25      0.22         4
          14       0.00      0.00      0.00         4
          15       1.00      0.50      0.67         2

    accuracy                           0.36        45
   macro avg       0.31      0.27      0.28        45
weighted avg       0.40      0.36      0.36        45
